+-----------+-----------+-----+-------------------+-------------------+--------------------+------------------+------------------+-----------------+-----------------------------+
|pickup_date|pickup_hour|trips|unique_pickup_zones|avg_passenger_count|avg_duration_minutes|avg_trip_distance |avg_total_amount  |total_revenue    |trip_share_in_personal_window|
+-----------+-----------+-----+-------------------+-------------------+--------------------+------------------+------------------+-----------------+-----------------------------+
|2024-04-21 |3          |2770 |89                 |1.4166266218164345 |13.25388086642599   |3.0255379061371848|23.34873285198556 |64675.99         |2.016863013499148            |
|2024-09-22 |3          |2601 |94                 |1.393853427895981  |13.044752018454439  |3.1790503652441373|24.1615263360246  |62844.12999999999|1.8938125263939656           |
|2024-11-21 |6          |2570 |164                |1.1307653319817537 |18.242555123216608  |4.373657587548641 |29.425369649805454|75623.20000000001|1.8712411352681626           |
|2024-10-20 |3          |2489 |94                 |1.3914710110206037 |13.978425070309365  |3.152969063881076 |24.06226597026917 |59890.97999999997|1.8122642745846136           |
|2024-09-21 |3          |2390 |87                 |1.4085642317380354 |12.723249651324968  |2.9980418410041847|22.955163179916315|54862.84         |1.7401814448602757           |
|2024-09-20 |6          |2306 |171                |1.1715938303341902 |18.32571552471813   |5.038347788378147 |30.69635732870772 |70785.8          |1.6790202560032619           |
|2024-11-22 |6          |2295 |167                |1.1476744186046512 |17.92848946986202   |4.597355119825708 |30.843533769063143|70785.90999999992|1.6710110527005577           |
|2024-10-21 |6          |2252 |157                |1.1571254567600486 |19.811515689757258  |4.917566607460035 |31.455071047957368|70836.81999999999|1.639702348880896            |
|2024-07-21 |3          |2224 |86                 |1.4124260355029585 |13.376776079136684  |3.2740467625899274|23.965566546762588|53299.42         |1.619315285928558            |
|2024-04-20 |3          |2157 |78                 |1.366977509599561  |14.74224231185288   |3.0254149281409366|23.442614742698186|50565.71999999999|1.5705319567211777           |
|2024-03-21 |6          |2085 |156                |1.1456061577934573 |16.69910471622702   |4.357136690647481 |28.1564892086331  |58706.28000000001|1.5181080805580232           |
|2024-10-22 |6          |2044 |163                |1.136275146009085  |20.00215264187867   |4.563957925636005 |28.801727005870845|58870.73         |1.488255595520671            |
+-----------+-----------+-----+-------------------+-------------------+--------------------+------------------+------------------+-----------------+-----------------------------+
