======================================================================================================================================================
| pickup_date | pickup_hour |   trips | unique_zones | avg_passenger | avg_duration | avg_distance |  avg_total | total_revenue |  share_% |
======================================================================================================================================================
|          18 |           6 |   21848 |          221 |        0.9242 |      17.6002 |      29.3332 |    29.4593 |     643626.79 |   1.5317 |
|          16 |           6 |   21446 |          221 |        0.9207 |      16.9759 |       8.5160 |    28.9572 |     621016.37 |   1.5035 |
|          15 |           6 |   21134 |          222 |        0.9161 |      16.6815 |      26.4113 |    29.3142 |     619527.28 |   1.4816 |
|          11 |           6 |   20751 |          225 |        0.9561 |      16.6953 |       4.5451 |    29.0299 |     602400.19 |   1.4548 |
|          12 |           6 |   20732 |          223 |        0.9730 |      17.3465 |       7.7616 |    29.5377 |     612375.76 |   1.4534 |
|          17 |           6 |   20525 |          220 |        0.9471 |      17.2526 |      12.6188 |    29.9106 |     613916.08 |   1.4389 |
|           5 |           6 |   20413 |          226 |        1.0119 |      16.2788 |      11.6172 |    28.5487 |     582765.62 |   1.4311 |
|           8 |           6 |   20245 |          220 |        0.9940 |      17.6322 |      17.5024 |    30.1104 |     609585.92 |   1.4193 |
|          22 |           6 |   20102 |          224 |        0.9768 |      17.5948 |       4.8620 |    30.2657 |     608401.48 |   1.4093 |
|          10 |           6 |   20039 |          223 |        0.9359 |      16.7874 |      10.4657 |    29.2534 |     586208.21 |   1.4049 |
|           9 |           6 |   19668 |          219 |        0.9869 |      16.8542 |       4.6867 |    29.5890 |     581956.11 |   1.3789 |
|          19 |           6 |   19579 |          222 |        0.9761 |      17.3869 |      12.9920 |    30.3582 |     594383.75 |   1.3726 |
======================================================================================================================================================

RDD API Execution Time: 888.53 seconds