=== Q4: ΒΗΜΑ 2 (COMPARATIVE TABLE & VENDORS) ===


--- 1. SPARK SQL: Πίνακας card_vs_cash ανά ώρα ---

+-----------+----------+----------+----------+--------------+--------------+-------------+-------------+-----------------+
|pickup_hour|card_trips|cash_trips|card_share|avg_total_card|avg_total_cash|avg_fare_card|avg_fare_cash|avg_tip_rate_card|
+-----------+----------+----------+----------+--------------+--------------+-------------+-------------+-----------------+
|0          |826671    |117015    |0.876     |30.07         |27.21         |20.07        |21.65        |0.2483           |
|1          |541777    |74074     |0.8797    |26.8          |25.84         |17.67        |20.53        |0.2447           |
|2          |351205    |48915     |0.8777    |24.82         |24.62         |16.13        |19.39        |0.2531           |
|3          |218923    |36042     |0.8586    |26.09         |25.52         |17.11        |20.14        |0.2628           |
|4          |132320    |30415     |0.8131    |35.06         |28.77         |24.09        |22.96        |0.3641           |
|5          |155886    |37249     |0.8071    |41.84         |30.1          |29.59        |24.16        |0.2312           |
|6          |380662    |75959     |0.8336    |32.9          |26.59         |23.33        |21.77        |0.2229           |
|7          |802099    |127780    |0.8626    |28.23         |24.42         |19.43        |19.75        |0.2408           |
|8          |1135476   |172431    |0.8682    |27.05         |23.59         |18.46        |18.92        |0.2476           |
|9          |1276582   |234812    |0.8446    |27.5          |22.89         |18.66        |18.3         |0.2416           |
|10         |1375500   |287897    |0.8269    |28.22         |22.96         |19.13        |18.38        |0.2413           |
|11         |1485981   |318588    |0.8235    |28.56         |22.88         |19.46        |18.33        |0.2472           |
|12         |1610254   |347321    |0.8226    |29.2          |23.06         |19.95        |18.49        |0.2406           |
|13         |1667845   |360850    |0.8221    |30.22         |23.72         |20.7         |19.1         |0.2401           |
|14         |1796819   |380399    |0.8253    |31.21         |24.78         |21.44        |20.05        |0.2405           |
|15         |1862619   |380369    |0.8304    |31.03         |25.21         |21.32        |20.44        |0.2388           |
|16         |1910636   |362545    |0.8405    |33.0          |27.18         |21.34        |20.72        |0.2583           |
|17         |2097272   |348805    |0.8574    |30.74         |26.92         |19.57        |20.41        |0.2631           |
|18         |2203346   |341659    |0.8658    |29.18         |25.55         |18.29        |19.14        |0.2703           |
|19         |1948022   |292647    |0.8694    |29.31         |25.89         |18.4         |19.49        |0.2756           |
|20         |1771068   |259572    |0.8722    |29.0          |24.79         |18.89        |19.21        |0.2552           |
|21         |1801781   |252304    |0.8772    |29.07         |24.4          |19.02        |18.92        |0.2545           |
|22         |1623078   |221778    |0.8798    |29.71         |25.14         |19.62        |19.62        |0.2525           |
|23         |1212435   |173061    |0.8751    |31.27         |27.22         |20.83        |21.54        |0.2461           |
+-----------+----------+----------+----------+--------------+--------------+-------------+-------------+-----------------+

Χρόνος Spark SQL: 211.80 δευτερόλεπτα


--- 2. DATAFRAME API: Πίνακας card_vs_cash ανά ώρα ---

+-----------+----------+----------+----------+--------------+--------------+-------------+-------------+-----------------+
|pickup_hour|card_trips|cash_trips|card_share|avg_total_card|avg_total_cash|avg_fare_card|avg_fare_cash|avg_tip_rate_card|
+-----------+----------+----------+----------+--------------+--------------+-------------+-------------+-----------------+
|0          |826671    |117015    |0.876     |30.07         |27.21         |20.07        |21.65        |0.2483           |
|1          |541777    |74074     |0.8797    |26.8          |25.84         |17.67        |20.53        |0.2447           |
|2          |351205    |48915     |0.8777    |24.82         |24.62         |16.13        |19.39        |0.2531           |
|3          |218923    |36042     |0.8586    |26.09         |25.52         |17.11        |20.14        |0.2628           |
|4          |132320    |30415     |0.8131    |35.06         |28.77         |24.09        |22.96        |0.3641           |
|5          |155886    |37249     |0.8071    |41.84         |30.1          |29.59        |24.16        |0.2312           |
|6          |380662    |75959     |0.8336    |32.9          |26.59         |23.33        |21.77        |0.2229           |
|7          |802099    |127780    |0.8626    |28.23         |24.42         |19.43        |19.75        |0.2408           |
|8          |1135476   |172431    |0.8682    |27.05         |23.59         |18.46        |18.92        |0.2476           |
|9          |1276582   |234812    |0.8446    |27.5          |22.89         |18.66        |18.3         |0.2416           |
|10         |1375500   |287897    |0.8269    |28.22         |22.96         |19.13        |18.38        |0.2413           |
|11         |1485981   |318588    |0.8235    |28.56         |22.88         |19.46        |18.33        |0.2472           |
|12         |1610254   |347321    |0.8226    |29.2          |23.06         |19.95        |18.49        |0.2406           |
|13         |1667845   |360850    |0.8221    |30.22         |23.72         |20.7         |19.1         |0.2401           |
|14         |1796819   |380399    |0.8253    |31.21         |24.78         |21.44        |20.05        |0.2405           |
|15         |1862619   |380369    |0.8304    |31.03         |25.21         |21.32        |20.44        |0.2388           |
|16         |1910636   |362545    |0.8405    |33.0          |27.18         |21.34        |20.72        |0.2583           |
|17         |2097272   |348805    |0.8574    |30.74         |26.92         |19.57        |20.41        |0.2631           |
|18         |2203346   |341659    |0.8658    |29.18         |25.55         |18.29        |19.14        |0.2703           |
|19         |1948022   |292647    |0.8694    |29.31         |25.89         |18.4         |19.49        |0.2756           |
|20         |1771068   |259572    |0.8722    |29.0          |24.79         |18.89        |19.21        |0.2552           |
|21         |1801781   |252304    |0.8772    |29.07         |24.4          |19.02        |18.92        |0.2545           |
|22         |1623078   |221778    |0.8798    |29.71         |25.14         |19.62        |19.62        |0.2525           |
|23         |1212435   |173061    |0.8751    |31.27         |27.22         |20.83        |21.54        |0.2461           |
+-----------+----------+----------+----------+--------------+--------------+-------------+-------------+-----------------+

Χρόνος DataFrame API: 170.10 δευτερόλεπτα


--- 3. ΣΥΝΟΨΗ ΑΝΑ VENDOR_ID ---

+---------+----------+-----------------+
|vendor_id|card_share|avg_tip_rate_card|
+---------+----------+-----------------+
|1        |0.8529    |0.2566           |
|2        |0.8505    |0.2501           |
|7        |0.8489    |0.2988           |
+---------+----------+-----------------+